# name: debug
# type: sparse matrix
# nnz: 14400
# rows: 120
# columns: 120

1 1 1779.85181
2 1 -718.858703
3 1 -121.045721
4 1 -0.899033029
5 1 -10.1322631
6 1 10.7503383
7 1 -0.0103832441
8 1 0.0159761758
9 1 9.44824231e-05
10 1 9.48467785e-05
11 1 7.39429862e-05
12 1 -0.000207912165
13 1 -0.0117882599
14 1 0.0195384749
15 1 0.000144428743
16 1 0.000159517149
17 1 0.000104330642
18 1 -0.000402392296
19 1 -0.0959315365
20 1 -0.15714988
21 1 0.00116292084
22 1 -0.0058042512
23 1 0.00304569553
24 1 0.0210142111
25 1 -0.09223423
26 1 -0.158534975
27 1 0.00119528502
28 1 -0.00573861059
29 1 0.00298897985
30 1 0.0208059268
31 1 -2.25238532e-06
32 1 9.98813411e-07
33 1 4.66964734e-07
34 1 2.03916535e-09
35 1 2.21495378e-08
36 1 -4.53678409e-09
37 1 -1.80330108e-06
38 1 4.1334814e-07
39 1 2.37205869e-07
40 1 2.11408036e-09
41 1 2.0656406e-08
42 1 -3.20702089e-09
43 1 -9.74104858e-07
44 1 2.72186937e-07
45 1 2.67543981e-07
46 1 1.47567319e-09
47 1 9.39300062e-09
48 1 -2.27076029e-09
49 1 -1.32888891e-06
50 1 5.1758333e-07
51 1 4.118808e-07
52 1 2.52511741e-09
53 1 1.18215796e-08
54 1 -3.70571172e-09
55 1 -1.83498768e-06
56 1 1.41500816e-06
57 1 6.40720205e-07
58 1 5.96859202e-09
59 1 1.44463926e-08
60 1 -8.53330238e-09
61 1 -9.26468851e-07
62 1 3.09747795e-07
63 1 2.54665691e-07
64 1 1.43681988e-09
65 1 8.61546045e-09
66 1 -2.19148337e-09
67 1 -9.65088505e-07
68 1 2.41292773e-07
69 1 2.3586732e-07
70 1 1.3198501e-09
71 1 9.20235726e-09
72 1 -2.21515103e-09
73 1 -1.04919015e-06
74 1 3.37527246e-07
75 1 2.73940502e-07
76 1 1.55607891e-09
77 1 9.3572604e-09
78 1 -2.47372776e-09
79 1 -1.0543928e-06
80 1 3.41645661e-07
81 1 2.76454715e-07
82 1 1.56390128e-09
83 1 9.38941143e-09
84 1 -2.52134224e-09
85 1 -1.05432987e-06
86 1 3.41045521e-07
87 1 2.73715268e-07
88 1 1.56625812e-09
89 1 9.38323169e-09
90 1 -2.52903776e-09
91 1 -1.41220899e-05
92 1 6.16589917e-07
93 1 -1.17890241e-06
94 1 -3.16209499e-08
95 1 2.54198808e-07
96 1 -1.73402673e-07
97 1 -1.40897157e-05
98 1 3.65550825e-07
99 1 -9.08651797e-07
100 1 -3.2252445e-08
101 1 2.55033059e-07
102 1 -1.71681218e-07
103 1 -0.000303650151
104 1 0.000161356078
105 1 2.01092266e-06
106 1 1.97357992e-06
107 1 3.9055507e-06
108 1 -7.96879735e-06
109 1 -0.000310754241
110 1 0.000158438696
111 1 6.49060505e-07
112 1 1.94200818e-06
113 1 4.01464674e-06
114 1 -8.08618039e-06
115 1 -0.000305411215
116 1 0.000159476031
117 1 2.14032877e-06
118 1 1.98983648e-06
119 1 3.93420391e-06
120 1 -8.06853826e-06
1 2 -718.858703
2 2 5160.22952
3 2 -122.583629
4 2 20.8538408
5 2 0.899033059
6 2 -27.4295554
7 2 0.0159738459
8 2 -0.0419617572
9 2 0.000148833758
10 2 -0.000318602875
11 2 -9.45491905e-05
12 2 -5.56961407e-05
13 2 0.0195761241
14 2 -0.0545933986
15 2 0.000214485433
16 2 -0.000514312444
17 2 -0.000159572417
18 2 0.000492875103
19 2 -0.156909262
20 2 -0.415950955
21 2 -0.000102123775
22 2 -0.0130084096
23 2 0.00581291566
24 2 0.0462850173
25 2 -0.158197278
26 2 -0.406470071
27 2 -0.000115054355
28 2 -0.0128237977
29 2 0.0057473038
30 2 0.045627196
31 2 9.6372807e-07
32 2 -8.63283021e-06
33 2 2.26431684e-07
34 2 -3.43330005e-08
35 2 -1.7920464e-09
36 2 2.25394052e-08
37 2 2.68646839e-07
38 2 -2.24186535e-06
39 2 2.51889821e-07
40 2 -2.2909632e-08
41 2 -5.80494043e-10
42 2 2.90956885e-09
43 2 1.82061381e-07
44 2 -1.2911928e-06
45 2 1.79296109e-07
46 2 -1.09331657e-08
47 2 -6.43278275e-10
48 2 3.78959642e-09
49 2 3.85542457e-07
50 2 -2.02998927e-06
51 2 2.65511275e-07
52 2 -1.53232799e-08
53 2 -1.39819133e-09
54 2 7.06934183e-09
55 2 1.18708849e-06
56 2 -4.132546e-06
57 2 3.87782254e-07
58 2 -2.37691495e-08
59 2 -4.28806708e-09
60 2 1.74173671e-08
61 2 2.32076304e-07
62 2 -1.20741465e-06
63 2 1.71247861e-07
64 2 -9.96263508e-09
65 2 -7.30549107e-10
66 2 3.53943601e-09
67 2 1.64973097e-07
68 2 -1.13580014e-06
69 2 1.84423099e-07
70 2 -1.01855665e-08
71 2 -5.93700311e-10
72 2 3.15576609e-09
73 2 2.53847442e-07
74 2 -1.31696235e-06
75 2 2.0401445e-07
76 2 -1.06648881e-08
77 2 -8.12513343e-10
78 2 3.71646979e-09
79 2 2.59168995e-07
80 2 -1.32518769e-06
81 2 2.07665584e-07
82 2 -1.07019099e-08
83 2 -8.29391298e-10
84 2 3.7642339e-09
85 2 2.57883685e-07
86 2 -1.32016935e-06
87 2 2.0925396e-07
88 2 -1.06857851e-08
89 2 -8.22836664e-10
90 2 3.73351608e-09
91 2 -4.54566965e-07
92 2 -2.60713321e-05
93 2 2.33065723e-06
94 2 -2.20362342e-07
95 2 4.57623944e-08
96 2 -1.22874603e-07
97 2 -7.95022199e-07
98 2 -2.87597856e-05
99 2 2.27511616e-06
100 2 -2.28409181e-07
101 2 4.69222246e-08
102 2 -1.09645763e-07
103 2 0.000145014419
104 2 -0.000110420824
105 2 1.08329305e-05
106 2 -1.43171105e-06
107 2 -1.71505418e-06
108 2 3.84685214e-06
109 2 0.000141841112
110 2 -0.000116498949
111 2 1.21422351e-05
112 2 -1.53329171e-06
113 2 -1.67863575e-06
114 2 3.78627814e-06
115 2 0.000143406164
116 2 -0.000100679764
117 2 1.08188819e-05
118 2 -1.43139078e-06
119 2 -1.73083699e-06
120 2 3.89297513e-06
1 3 -121.045721
2 3 -122.583629
3 3 1236.37462
4 3 -2.73927017
5 3 3.15294055
6 3 -3.05487148e-08
7 3 0.000102618708
8 3 0.000129331953
9 3 -0.000778183247
10 3 6.28462954e-06
11 3 -2.50792552e-06
12 3 1.91193312e-08
13 3 0.00016153573
14 3 0.000166403801
15 3 -0.000982143656
16 3 1.07191139e-05
17 3 -1.04932001e-05
18 3 2.71913192e-07
19 3 0.00106750398
20 3 -0.00038525225
21 3 -0.00405269767
22 3 -0.000160256673
23 3 -0.000364584516
24 3 1.50858215e-05
25 3 0.00106893793
26 3 -0.000463654039
27 3 -0.00389620996
28 3 -0.000161079814
29 3 -0.000363161043
30 3 1.90641342e-05
31 3 4.73916222e-07
32 3 1.86824034e-07
33 3 -5.78004283e-07
34 3 1.76155844e-09
35 3 -2.97083082e-09
36 3 5.88559704e-11
37 3 2.5958372e-07
38 3 2.02842023e-07
39 3 -2.18044555e-07
40 3 1.88733689e-09
41 3 -1.51928531e-09
42 3 6.19999492e-11
43 3 2.85301509e-07
44 3 1.39152442e-07
45 3 -1.48759947e-07
46 3 1.3418187e-09
47 3 -2.69936234e-09
48 3 7.42891183e-11
49 3 4.39286191e-07
50 3 1.98114255e-07
51 3 -2.74336638e-07
52 3 1.82653455e-09
53 3 -4.06414605e-09
54 3 1.32902951e-10
55 3 7.00813832e-07
56 3 2.46607715e-07
57 3 -5.77544675e-07
58 3 2.49632114e-09
59 3 -6.23988112e-09
60 3 3.10311476e-10
61 3 2.72376557e-07
62 3 1.29038265e-07
63 3 -1.47175049e-07
64 3 1.19589983e-09
65 3 -2.49302123e-09
66 3 7.87334285e-11
67 3 2.55508505e-07
68 3 1.42877026e-07
69 3 -1.26796683e-07
70 3 1.3455059e-09
71 3 -2.45222037e-09
72 3 8.36269347e-11
73 3 2.97485821e-07
74 3 1.53545687e-07
75 3 -1.60917869e-07
76 3 1.36786677e-09
77 3 -2.65737397e-09
78 3 9.7713904e-11
79 3 2.98396464e-07
80 3 1.53510462e-07
81 3 -1.62824957e-07
82 3 1.37238268e-09
83 3 -2.66500619e-09
84 3 1.03797883e-10
85 3 2.98587997e-07
86 3 1.52691295e-07
87 3 -1.62076492e-07
88 3 1.36851997e-09
89 3 -2.66417981e-09
90 3 1.11752881e-10
91 3 -8.87941667e-07
92 3 1.89858966e-06
93 3 -2.93513271e-06
94 3 6.473394e-08
95 3 2.94043315e-08
96 3 1.60692711e-10
97 3 -6.17796913e-07
98 3 1.75785454e-06
99 3 -3.12290842e-06
100 3 6.39749662e-08
101 3 2.71518164e-08
102 3 2.75180154e-10
103 3 5.73269044e-06
104 3 7.40892401e-06
105 3 -1.91006127e-05
106 3 4.53879852e-07
107 3 -2.58254728e-07
108 3 5.28741909e-08
109 3 4.53675672e-06
110 3 8.57228288e-06
111 3 -2.04751826e-05
112 3 4.83409742e-07
113 3 -2.29833752e-07
114 3 5.36744429e-08
115 3 5.93750529e-06
116 3 7.36182339e-06
117 3 -1.90078303e-05
118 3 4.55838879e-07
119 3 -2.62436054e-07
120 3 5.50859929e-08
1 4 -0.899033029
2 4 20.8538408
3 4 -2.73927017
4 4 493.460167
5 4 0.000179964586
6 4 -0.535755783
7 4 9.46443173e-05
8 4 -0.00031985279
9 4 6.42477986e-06
10 4 -3.46932523e-06
11 4 -7.38100377e-07
12 4 -2.77343818e-06
13 4 0.000160111092
14 4 -0.00051549926
15 4 1.11729528e-05
16 4 -6.43975965e-06
17 4 -1.64388299e-06
18 4 5.36900688e-06
19 4 -0.0057942693
20 4 -0.0130010458
21 4 -0.000151230484
22 4 -0.00044149305
23 4 0.0001845484
24 4 0.00154868599
25 4 -0.00575936647
26 4 -0.0128911893
27 4 -0.00015087642
28 4 -0.000436487975
29 4 0.000182184016
30 4 0.00152948247
31 4 1.84645647e-09
32 4 -3.41048656e-08
33 4 1.90284588e-09
34 4 -3.03413493e-10
35 4 -3.34435705e-12
36 4 4.32778102e-11
37 4 6.27412238e-10
38 4 -2.24677158e-08
39 4 2.22178963e-09
40 4 -2.85270025e-10
41 4 4.82994148e-12
42 4 6.17898158e-12
43 4 6.87539332e-10
44 4 -1.07321704e-08
45 4 1.62829688e-09
46 4 -1.06209667e-10
47 4 -2.65383734e-13
48 4 3.07772871e-11
49 4 1.4870501e-09
50 4 -1.50606344e-08
51 4 2.26886577e-09
52 4 -1.33310518e-10
53 4 -2.37171043e-12
54 4 5.03660701e-11
55 4 4.48559703e-09
56 4 -2.33490978e-08
57 4 3.2491857e-09
58 4 -1.64669882e-10
59 4 -1.04421737e-11
60 4 9.20373235e-11
61 4 7.83023873e-10
62 4 -9.77293844e-09
63 4 1.48340503e-09
64 4 -9.85598095e-11
65 4 -6.32837919e-13
66 4 2.83712919e-11
67 4 6.40786229e-10
68 4 -9.97640133e-09
69 4 1.65305206e-09
70 4 -1.02641346e-10
71 4 -4.2393069e-13
72 4 2.76105441e-11
73 4 8.70880837e-10
74 4 -1.0448784e-08
75 4 1.70400128e-09
76 4 -1.02929085e-10
77 4 -8.78758127e-13
78 4 2.92864336e-11
79 4 9.00865706e-10
80 4 -1.04871139e-08
81 4 1.73516252e-09
82 4 -1.03234439e-10
83 4 -1.00134501e-12
84 4 2.96477972e-11
85 4 8.94167589e-10
86 4 -1.04616546e-08
87 4 1.74743815e-09
88 4 -1.03094428e-10
89 4 -9.50091012e-13
90 4 2.93688339e-11
91 4 -4.79907763e-08
92 4 -2.14821341e-07
93 4 6.56234201e-08
94 4 -4.29761649e-09
95 4 6.01583534e-10
96 4 -1.75108694e-09
97 4 -4.9148706e-08
98 4 -2.22556427e-07
99 4 6.53381145e-08
100 4 -4.33140785e-09
101 4 6.09210062e-10
102 4 -1.71954961e-09
103 4 1.78209158e-06
104 4 -1.41136816e-06
105 4 4.85689565e-07
106 4 -2.75690042e-08
107 4 -1.75461979e-08
108 4 5.06073477e-08
109 4 1.74602283e-06
110 4 -1.51110934e-06
111 4 5.15922196e-07
112 4 -2.93411008e-08
113 4 -1.72051824e-08
114 4 4.96775339e-08
115 4 1.80340674e-06
116 4 -1.41221469e-06
117 4 4.8879454e-07
118 4 -2.76710039e-08
119 4 -1.77218167e-08
120 4 5.12577936e-08
1 5 -10.1322631
2 5 0.899033059
3 5 3.15294055
4 5 0.000179964586
5 5 493.46047
6 5 0.0622656176
7 5 7.41201961e-05
8 5 -9.49470087e-05
9 5 -2.39286304e-06
10 5 -7.41367673e-07
11 5 -1.25197401e-06
12 5 1.34182821e-06
13 5 0.000104876521
14 5 -0.000160055348
15 5 -1.03050738e-05
16 5 -1.64578565e-06
17 5 -2.11633814e-06
18 5 4.39557177e-06
19 5 0.00303024365
20 5 0.00578540164
21 5 -0.000366462199
22 5 0.0001837763
23 5 -0.000136239606
24 5 -0.000723971369
25 5 0.00298715235
26 5 0.0057503401
27 5 -0.000368101501
28 5 0.000181296127
29 5 -0.000134564161
30 5 -0.00071449537
31 5 2.19283314e-08
32 5 -2.09204001e-09
33 5 -2.89439209e-09
34 5 -5.59230549e-12
35 5 -2.785316e-10
36 5 2.38759088e-11
37 5 2.03251516e-08
38 5 -2.13503044e-09
39 5 -1.33611875e-09
40 5 -1.42139535e-11
41 5 -2.74505764e-10
42 5 2.6363697e-11
43 5 9.31670258e-09
44 5 -1.5087215e-09
45 5 -2.53420104e-09
46 5 -8.70640784e-12
47 5 -1.00194882e-10
48 5 1.90630156e-11
49 5 1.17621441e-08
50 5 -2.60094677e-09
51 5 -3.8409321e-09
52 5 -1.29028905e-11
53 5 -1.19813667e-10
54 5 2.72134084e-11
55 5 1.45116981e-08
56 5 -6.15138021e-09
57 5 -5.84998131e-09
58 5 -2.38755195e-11
59 5 -1.35679117e-10
60 5 4.83710039e-11
61 5 8.55059879e-09
62 5 -1.47978697e-09
63 5 -2.34721068e-09
64 5 -7.90138143e-12
65 5 -9.3193327e-11
66 5 1.75137824e-11
67 5 9.13697005e-09
68 5 -1.35677524e-09
69 5 -2.27584072e-09
70 5 -7.9460731e-12
71 5 -9.83219234e-11
72 5 1.9040337e-11
73 5 9.30405209e-09
74 5 -1.60462545e-09
75 5 -2.47330589e-09
76 5 -8.31686152e-12
77 5 -9.77802868e-11
78 5 1.93004714e-11
79 5 9.33716252e-09
80 5 -1.6258117e-09
81 5 -2.49622722e-09
82 5 -8.34757539e-12
83 5 -9.80671134e-11
84 5 1.97113391e-11
85 5 9.33992814e-09
86 5 -1.62788897e-09
87 5 -2.4742136e-09
88 5 -8.38538649e-12
89 5 -9.80120628e-11
90 5 1.98229792e-11
91 5 2.48054483e-07
92 5 3.42633877e-08
93 5 3.35143717e-08
94 5 2.97392096e-10
95 5 -5.31207857e-09
96 5 3.54642694e-09
97 5 2.49057486e-07
98 5 3.49050026e-08
99 5 3.13738051e-08
100 5 2.99549116e-10
101 5 -5.34045759e-09
102 5 3.57285787e-09
103 5 4.10593993e-06
104 5 -2.05251807e-06
105 5 -1.9023831e-07
106 5 -2.20381426e-08
107 5 -5.50733524e-08
108 5 1.07014259e-07
109 5 4.21905262e-06
110 5 -2.02154794e-06
111 5 -1.60092168e-07
112 5 -2.1789186e-08
113 5 -5.69445173e-08
114 5 1.08693163e-07
115 5 4.14900004e-06
116 5 -2.07519708e-06
117 5 -1.93086393e-07
118 5 -2.22413796e-08
119 5 -5.54959047e-08
120 5 1.08407958e-07
1 6 10.7503383
2 6 -27.4295554
3 6 -3.05487148e-08
4 6 -0.535755783
5 6 0.0622656176
6 6 495.418492
7 6 -0.000210537303
8 6 -5.88410863e-05
9 6 -1.93334721e-08
10 6 -2.75609373e-06
11 6 1.3628903e-06
12 6 -2.41440894e-05
13 6 -0.000403139536
14 6 0.000490584441
15 6 -2.70377765e-07
16 6 5.35820471e-06
17 6 4.35625382e-06
18 6 -4.79298399e-05
19 6 0.0208817102
20 6 0.0460452678
21 6 -1.47310786e-05
22 6 0.00154156049
23 6 -0.000723497484
24 6 -0.00552517167
25 6 0.02079003
26 6 0.0456646965
27 6 -1.87089638e-05
28 6 0.00152273709
29 6 -0.000714662318
30 6 -0.00545221311
31 6 -4.34678516e-09
32 6 2.25182495e-08
33 6 -5.82436517e-11
34 6 4.4140377e-11
35 6 2.22462659e-11
36 6 -8.1660449e-11
37 6 -2.79640692e-09
38 6 3.07266267e-09
39 6 -6.09880454e-11
40 6 8.33202046e-12
41 6 2.24604825e-11
42 6 -2.13519679e-11
43 6 -1.93871153e-09
44 6 3.86436823e-09
45 6 -7.31524232e-11
46 6 3.20139246e-11
47 6 1.58650912e-11
48 6 -1.40167127e-11
49 6 -3.18350531e-09
50 6 7.15305282e-09
51 6 -1.30732094e-10
52 6 5.18800114e-11
53 6 2.23984357e-11
54 6 -2.99779695e-11
55 6 -7.57342305e-09
56 6 1.76186748e-08
57 6 -3.05936575e-10
58 6 9.50172796e-11
59 6 4.03595926e-11
60 6 -8.25507863e-11
61 6 -1.86970618e-09
62 6 3.58742107e-09
63 6 -7.72677377e-11
64 6 2.93391698e-11
65 6 1.43078973e-11
66 6 -1.25030801e-11
67 6 -1.87308283e-09
68 6 3.23197673e-09
69 6 -8.20741142e-11
70 6 2.89088967e-11
71 6 1.55618023e-11
72 6 -1.17796563e-11
73 6 -2.10766227e-09
74 6 3.79046519e-09
75 6 -9.59034213e-11
76 6 3.055796e-11
77 6 1.56804045e-11
78 6 -1.31987501e-11
79 6 -2.1269746e-09
80 6 3.81109857e-09
81 6 -1.01559433e-10
82 6 3.066314e-11
83 6 1.57696689e-11
84 6 -1.33888862e-11
85 6 -2.12503399e-09
86 6 3.80146267e-09
87 6 -1.09448291e-10
88 6 3.06240649e-11
89 6 1.57448892e-11
90 6 -1.3320237e-11
91 6 -1.60303721e-07
92 6 -1.08297554e-07
93 6 -1.61836114e-10
94 6 -1.47650778e-09
95 6 3.30687949e-09
96 6 -3.49931302e-09
97 6 -1.57621906e-07
98 6 -9.47404902e-08
99 6 -2.81941809e-10
100 6 -1.43469496e-09
101 6 3.31186377e-09
102 6 -3.5757272e-09
103 6 -7.34700574e-06
104 6 3.92546383e-06
105 6 -4.27950741e-08
106 6 5.13252164e-08
107 6 9.34699704e-08
108 6 -1.97447396e-07
109 6 -7.45449444e-06
110 6 3.86978942e-06
111 6 -4.33198505e-08
112 6 5.04408062e-08
113 6 9.48634286e-08
114 6 -1.99664104e-07
115 6 -7.43369873e-06
116 6 3.96468107e-06
117 6 -4.43387991e-08
118 6 5.17923927e-08
119 6 9.43260245e-08
120 6 -1.99963581e-07
1 7 -0.0103832441
2 7 0.0159738459
3 7 0.000102618708
4 7 9.46443173e-05
5 7 7.41201961e-05
6 7 -0.000210537303
7 7 1321.61657
8 7 -647.252856
9 7 -80.9926998
10 7 -2.15612634
11 7 -6.01135568
12 7 10.3259799
13 7 -0.00973768654
14 7 0.0157838625
15 7 8.1248538e-05
16 7 9.24885889e-05
17 7 6.50361989e-05
18 7 -0.000193135859
19 7 -0.00946935214
20 7 0.0146532718
21 7 0.000131481583
22 7 7.26228373e-05
23 7 5.39341969e-05
24 7 -0.000252753468
25 7 -0.00624026052
26 7 0.0105674504
27 7 0.000107025621
28 7 5.09305648e-05
29 7 3.49572572e-05
30 7 -0.000172546819
31 7 -1.87955924e-06
32 7 -4.55473564e-08
33 7 2.666778e-07
34 7 2.25222605e-10
35 7 2.07599982e-08
36 7 -1.24945552e-09
37 7 -1.67917803e-06
38 7 3.1152351e-07
39 7 1.99263846e-07
40 7 1.82173573e-09
41 7 2.0166735e-08
42 7 -2.79705798e-09
43 7 -9.75577769e-07
44 7 2.72768795e-07
45 7 2.67931703e-07
46 7 1.4785903e-09
47 7 9.40590417e-09
48 7 -2.27474586e-09
49 7 -1.20461012e-06
50 7 4.17089106e-07
51 7 3.74649751e-07
52 7 2.24827532e-09
53 7 1.13316356e-08
54 7 -3.29581755e-09
55 7 -1.53130205e-06
56 7 1.09577768e-06
57 7 5.00160893e-07
58 7 4.9369963e-09
59 7 1.28648508e-08
60 7 -7.12800758e-09
61 7 -8.00360169e-07
62 7 2.08295117e-07
63 7 2.17172498e-07
64 7 1.1561475e-09
65 7 8.11650049e-09
66 7 -1.77361025e-09
67 7 -9.66457927e-07
68 7 2.41688278e-07
69 7 2.36189241e-07
70 7 1.32219519e-09
71 7 9.21508458e-09
72 7 -2.21886295e-09
73 7 -9.22710929e-07
74 7 2.3615055e-07
75 7 2.36816114e-07
76 7 1.2757275e-09
77 7 8.85894965e-09
78 7 -2.055117e-09
79 7 -9.26594475e-07
80 7 2.38972721e-07
81 7 2.39068313e-07
82 7 1.28097781e-09
83 7 8.88708094e-09
84 7 -2.09578767e-09
85 7 -9.26519138e-07
86 7 2.38628968e-07
87 7 2.36653694e-07
88 7 1.28364015e-09
89 7 8.88167222e-09
90 7 -2.1042791e-09
91 7 -5.31992243e-06
92 7 1.83293155e-06
93 7 -7.04079444e-07
94 7 -1.08249882e-08
95 7 5.48895432e-08
96 7 -2.15888035e-08
97 7 -5.21987939e-06
98 7 1.59708149e-06
99 7 -4.2825904e-07
100 7 -1.13074904e-08
101 7 5.44529931e-08
102 7 -1.81464622e-08
103 7 -5.87545387e-06
104 7 1.57692806e-06
105 7 -9.30838203e-07
106 7 -1.16310363e-08
107 7 6.1114422e-08
108 7 -2.22276416e-08
109 7 -1.17216791e-05
110 7 -1.95970687e-06
111 7 -2.24111839e-06
112 7 -5.03353433e-08
113 7 1.56939199e-07
114 7 -9.85425743e-08
115 7 -4.10561136e-06
116 7 -1.97938185e-06
117 7 -7.33035157e-07
118 7 -1.22189868e-08
119 7 5.48433251e-08
120 7 -1.94291934e-08
1 8 0.0159761758
2 8 -0.0419617572
3 8 0.000129331953
4 8 -0.00031985279
5 8 -9.49470087e-05
6 8 -5.88410863e-05
7 8 -647.252856
8 8 2902.75749
9 8 -72.701155
10 8 9.92807278
11 8 2.15612635
12 8 -12.0138381
13 8 0.0158108376
14 8 -0.0409451578
15 8 0.000120558327
16 8 -0.000307626322
17 8 -9.28641679e-05
18 8 -7.95978154e-05
19 8 0.01463839
20 8 -0.0268331588
21 8 0.000109952573
22 8 -0.000137729858
23 8 -7.23457852e-05
24 8 0.000414212514
25 8 0.0105596245
26 8 -0.0207199751
27 8 7.99120641e-05
28 8 -0.000103733179
29 8 -5.06852082e-05
30 8 0.000310873294
31 8 -6.20688182e-08
32 8 -2.54478799e-06
33 8 1.5996943e-07
34 8 -2.35677041e-08
35 8 -6.84277117e-11
36 8 4.31153933e-09
37 8 1.80222839e-07
38 8 -2.04142374e-06
39 8 2.20809599e-07
40 8 -2.22000678e-08
41 8 -3.60270981e-10
42 8 2.32553736e-09
43 8 1.83375202e-07
44 8 -1.29143187e-06
45 8 1.78854317e-07
46 8 -1.0932031e-08
47 8 -6.54828439e-10
48 8 3.79201477e-09
49 8 2.97819206e-07
50 8 -1.83009344e-06
51 8 2.33553695e-07
52 8 -1.46048279e-08
53 8 -1.18409452e-09
54 8 6.4924972e-09
55 8 9.14965725e-07
56 8 -3.15845092e-06
57 8 3.08679972e-07
58 8 -1.99179303e-08
59 8 -3.51203833e-09
60 8 1.38097303e-08
61 8 1.42368447e-07
62 8 -1.00682798e-06
63 8 1.39323305e-07
64 8 -9.24131613e-09
65 8 -5.06810943e-10
66 8 2.9569805e-09
67 8 1.66105342e-07
68 8 -1.13579195e-06
69 8 1.84055334e-07
70 8 -1.01839789e-08
71 8 -6.04292958e-10
72 8 3.15774112e-09
73 8 1.63857093e-07
74 8 -1.11698617e-06
75 8 1.71609543e-07
76 8 -9.94483817e-09
77 8 -5.88971706e-10
78 8 3.13600265e-09
79 8 1.67698535e-07
80 8 -1.12338747e-06
81 8 1.74795438e-07
82 8 -9.97650653e-09
83 8 -6.02969958e-10
84 8 3.1751934e-09
85 8 1.66692128e-07
86 8 -1.11921126e-06
87 8 1.76143374e-07
88 8 -9.96230654e-09
89 8 -5.97438324e-10
90 8 3.14789972e-09
91 8 1.16465751e-06
92 8 -2.31183712e-05
93 8 4.82884943e-07
94 8 -1.24950352e-07
95 8 1.48083433e-08
96 8 -8.41031031e-08
97 8 8.44024284e-07
98 8 -2.57957422e-05
99 8 4.13189817e-07
100 8 -1.32537432e-07
101 8 1.56806275e-08
102 8 -7.03794015e-08
103 8 8.32545496e-07
104 8 -2.57515232e-05
105 8 5.6347571e-07
106 8 -1.37038105e-07
107 8 1.60382976e-08
108 8 -8.30138329e-08
109 8 -2.99817659e-06
110 8 -3.17881744e-05
111 8 1.86834184e-06
112 8 -2.36019294e-07
113 8 5.9376443e-08
114 8 -1.63814118e-07
115 8 -2.47398422e-06
116 8 -1.52586093e-05
117 8 4.86061132e-07
118 8 -1.27179481e-07
119 8 1.62093942e-08
120 8 -8.6211856e-08
1 9 9.44824231e-05
2 9 0.000148833758
3 9 -0.000778183247
4 9 6.42477986e-06
5 9 -2.39286304e-06
6 9 -1.93334721e-08
7 9 -80.9926998
8 9 -72.701155
9 9 902.815592
10 9 -1.53785367
11 9 1.75647523
12 9 -1.46814144e-08
13 9 8.70903916e-05
14 9 0.000104132737
15 9 -0.000687230626
16 9 5.18366028e-06
17 9 -1.71961095e-06
18 9 7.28368219e-10
19 9 0.000140070952
20 9 9.2586123e-05
21 9 -0.000466298273
22 9 4.59976219e-06
23 9 -7.1875825e-06
24 9 1.32738825e-07
25 9 0.000114652225
26 9 6.28227243e-05
27 9 -0.000339114073
28 9 3.31208626e-06
29 9 -5.9955741e-06
30 9 1.27811973e-07
31 9 2.68431705e-07
32 9 1.49270802e-07
33 9 -2.55559964e-07
34 9 1.50001936e-09
35 9 -1.61397834e-09
36 9 1.83067646e-11
37 9 2.15857106e-07
38 9 1.82745396e-07
39 9 -1.79812782e-07
40 9 1.79590852e-09
41 9 -1.26616583e-09
42 9 4.87609237e-11
43 9 2.84578375e-07
44 9 1.4128007e-07
45 9 -1.48980573e-07
46 9 1.3616355e-09
47 9 -2.69193691e-09
48 9 6.73119884e-11
49 9 3.96320065e-07
50 9 1.77372015e-07
51 9 -2.36039829e-07
52 9 1.71344997e-09
53 9 -3.82954138e-09
54 9 1.11253867e-10
55 9 5.45190533e-07
56 9 2.06146181e-07
57 9 -4.30657329e-07
58 9 2.18296842e-09
59 9 -5.16102728e-09
60 9 2.34102375e-10
61 9 2.29473406e-07
62 9 1.07293945e-07
63 9 -1.08550038e-07
64 9 1.07541974e-09
65 9 -2.25852938e-09
66 9 6.02603233e-11
67 9 2.54742421e-07
68 9 1.44851804e-07
69 9 -1.26992346e-07
70 9 1.36468935e-09
71 9 -2.4446404e-09
72 9 7.72039456e-11
